Configurations of 100 queens problem:

[25 2 79 99 3 40 44 39 51 67 83 75 56 30 8 36 100 78 34 41 53 93 90 16 98 1 63 17 38 88 18 9 66 42 62 26 21 12 85 95 64 13 68 92 46 96 91 97 7 54 6 19 59 80 37 84 87 70 55 5 23 65 22 14 45 4 89 33 57 69 82 48 15 76 58 86 71 73 27 52 60 43 24 81 31 72 50 20 94 10 61 77 74 28 35 47 49 11 32 29]

[56 63 12 66 93 55 74 72 26 29 52 47 84 53 80 85 16 18 22 49 13 2 48 42 79 38 57 23 11 75 71 92 39 21 50 8 1 24 95 36 77 7 64 35 88 97 69 4 82 87 59 41 34 14 89 83 68 100 61 15 62 67 86 32 91 45 19 9 30 33 46 43 10 20 60 96 70 44 3 28 40 58 81 6 99 90 25 31 73 78 98 54 37 51 5 65 17 76 27 94]

Configurations of 150 queens problem:

[44 52 108 20 138 21 99 48 92 49 118 66 91 96 112 15 58 129 32 6 70 98 144 84 67 23 149 1 124 41 64 54 34 59 47 82 93 43 102 40 121 61 136 105 133 111 78 147 63 38 145 14 79 10 24 33 85 5 86 77 148 51 71 139 146 123 7 4 104 132 45 120 131 110 142 114 141 130 126 150 73 62 11 16 22 36 119 26 13 65 97 95 12 89 115 81 101 68 53 134 8 80 30 128 18 69 117 50 55 76 83 57 27 143 2 125 9 28 17 122 39 116 106 75 60 46 87 37 72 31 19 103 74 29 88 100 135 42 35 127 90 107 25 56 113 94 137 3 140 109]

[37 75 95 57 91 51 33 101 73 49 40 78 47 123 15 36 3 108 80 72 99 21 19 25 113 29 48 134 4 131 122 9 35 39 150 76 50 1 66 5 145 16 23 121 130 28 88 96 87 120 116 77 26 112 85 68 111 42 135 140 128 119 100 83 148 12 14 65 129 46 146 143 82 142 13 70 149 133 6 124 114 41 107 38 45 56 110 60 132 98 59 84 115 7 106 11 55 144 141 43 24 58 138 30 34 67 117 2 94 31 139 90 64 18 105 147 52 125 53 8 109 27 104 54 89 97 69 126 81 61 137 127 74 71 102 93 20 44 17 79 103 22 63 10 136 86 92 32 118 62]
